[  453.295368] [Project1] 3048 1587907234.227194833 1587907235.234569536
[  455.247530] [Project1] 3049 1587907236.249126477 1587907237.187707108
[  457.265989] [Project1] 3050 1587907238.213167919 1587907239.207175780
[  459.250719] [Project1] 3058 1587907240.214212271 1587907241.192897496
[  461.203293] [Project1] 3059 1587907242.132884034 1587907243.146448250
[  463.141811] [Project1] 3064 1587907244.088628331 1587907245.085935612
[  465.203603] [Project1] 3068 1587907246.126341188 1587907247.148757918
[  467.186674] [Project1] 3069 1587907248.106843140 1587907249.132820423
[  469.211229] [Project1] 3077 1587907250.150060718 1587907251.158388315
[  471.255567] [Project1] 3078 1587907252.199944869 1587907253.203747976
